0000 0001 4275 6431 0000 2000 0000 0800
0000 2000 0000 100c 0000 0000 0000 0000
0000 0000 0000 0000 0000 0000 0000 0800
0000 0800 0000 0000 0000 0000 0000 0000
0000 0000 0000 0002 0000 0000 0000 0021
0000 0001 0000 1000 0062 0061 006e 006e
0065 0072 0000 0000 0000 0000 0000 0000
0000 0000 0000 0000 0000 0000 0000 0000
0000 0000 0000 0000 0000 0000 0000 0000
0000 0000 0000 0000 0000 0000 0000 0000
0000 0000 0000 0000 0000 0000 0000 0000
0000 0000 0000 0000 0000 0000 0000 0000
0000 0000 0000 0000 0000 0000 0000 0000
0000 0000 0000 0000 0000 0000 0000 0000
0000 0000 0000 0000 0000 0000 0000 0000
0000 0000 0000 0000 0000 0000 0000 0000
0000 0000 0000 0000 0000 0000 0000 0000
0000 0000 0000 0000 0000 0000 0000 0000
0000 0000 0000 0000 0000 0000 0000 0000
0000 0000 0000 0000 0000 0000 0000 0000
0000 0000 0000 0000 0000 0000 0000 0000
0000 0000 0000 0000 0000 0000 0000 0000
0000 0000 0000 0000 0000 0000 0000 0000
0000 0000 0000 0000 0000 0000 0000 0000
0000 0000 0000 0000 0000 0000 0000 0000
0000 0000 0000 0000 0000 0000 0000 0000
0000 0000 0000 0000 0000 0000 0000 0000
0000 0000 0000 0000 0000 0000 0000 0000
0000 0000 0000 0000 0000 0000 0000 0000
0000 0000 0000 0000 0000 0000 0000 0000
0000 0000 0000 0000 0000 0000 0000 0000
0000 0000 0000 0000 0000 0000 0000 0000
0000 0000 0000 0000 0000 0000 0000 0000
0000 0000 0000 0000 0000 0000 0000 0000
0000 0000 0000 0000 0000 0000 0000 0000
0000 0000 0000 0000 0000 0000 0000 0000
0000 0000 0000 0000 0000 0000 0000 0000
0000 0000 0000 0000 0000 0000 0000 0000
0000 0000 0000 0000 0000 0000 0000 0000
0000 0000 0000 0000 0000 0000 0000 0000
0000 0000 0000 0000 0000 0000 0000 0000
0000 0000 0000 0000 0000 0000 0000 0000
0000 0000 0000 0000 0000 0000 0000 0000
0000 0000 0000 0000 0000 0000 0000 0000
0000 0000 0000 0000 0000 0000 0000 0000
0000 0000 0000 0000 0000 0000 0000 0000
0000 0000 0000 0000 0000 0000 0000 0000
0000 0000 0000 0000 0000 0000 0000 0000
0000 0000 0000 0000 0000 0000 0000 0000
0000 0000 0000 0000 0000 0000 0000 0000
0000 0000 0000 0000 0000 0000 0000 0000
0000 0000 0000 0000 0000 0000 0000 0000
0000 0000 0000 0000 0000 0000 0000 0000
0000 0000 0000 0000 0000 0000 0000 0000
0000 0000 0000 0000 0000 0000 0000 0000
0000 0000 0000 0000 0000 0000 0000 0000
0000 0000 0000 0000 0000 0000 0000 0000
0000 0000 0000 0000 0000 0000 0000 0000
0000 0000 0000 0000 0000 0000 0000 0000
0000 0000 0000 0000 0000 0000 0000 0000
0000 0000 0000 0000 0000 0000 0000 0000
0000 0000 0000 0000 0000 0000 0000 0000
0000 0000 0000 0000 0000 0000 0000 0000
0000 0000 0000 0000 0000 0000 0000 0000
0000 0000 0000 0000 0000 0000 0000 0000
0000 0000 0000 0000 0000 0000 0000 0000
0000 0000 0000 0000 0000 0000 0000 0000
0000 0000 0000 0000 0000 0000 0000 0000
0000 0000 0000 0000 0000 0000 0000 0000
0000 0000 0000 0000 0000 0000 0000 0000
0000 0000 0000 0000 0000 0000 0000 0000
0000 0000 0000 0000 0000 0000 0000 0000
0000 0000 0000 0000 0000 0000 0000 0000
0000 0000 0000 0000 0000 0000 0000 0000
0000 0000 0000 0000 0000 0000 0000 0000
0000 0000 0000 0000 0000 0000 0000 0000
0000 0000 0000 0000 0000 0000 0000 0000
0000 0000 0000 0000 0000 0000 0000 0000
0000 0000 0000 0000 0000 0000 0000 0000
0000 0000 0000 0000 0000 0000 0000 0000
0000 0000 0000 0000 0000 0000 0000 0000
0000 0000 0000 0000 0000 0000 0000 0000
0000 0000 0000 0000 0000 0000 0000 0000
0000 0000 0000 0000 0000 0000 0000 0000
0000 0000 0000 0000 0000 0000 0000 0000
0000 0000 0000 0000 0000 0000 0000 0000
0000 0000 0000 0000 0000 0000 0000 0000
0000 0000 0000 0000 0000 0000 0000 0000
0000 0000 0000 0000 0000 0000 0000 0000
0000 0000 0000 0000 0000 0000 0000 0000
0000 0000 0000 0000 0000 0000 0000 0000
0000 0000 0000 0000 0000 0000 0000 0000
0000 0000 0000 0000 0000 0000 0000 0000
0000 0000 0000 0000 0000 0000 0000 0000
0000 0000 0000 0000 0000 0000 0000 0000
0000 0000 0000 0000 0000 0000 0000 0000
0000 0000 0000 0000 0000 0000 0000 0000
0000 0000 0000 0000 0000 0000 0000 0000
0000 0000 0000 0000 0000 0000 0000 0000
0000 0000 0000 0000 0000 0000 0000 0000
0000 0000 0000 0000 0000 0000 0000 0000
0000 0000 0000 0000 0000 0000 0000 0000
0000 0000 0000 0000 0000 0000 0000 0000
0000 0000 0000 0000 0000 0000 0000 0000
0000 0000 0000 0000 0000 0000 0000 0000
0000 0000 0000 0000 0000 0000 0000 0000
0000 0000 0000 0000 0000 0000 0000 0000
0000 0000 0000 0000 0000 0000 0000 0000
0000 0000 0000 0000 0000 0000 0000 0000
0000 0000 0000 0000 0000 0000 0000 0000
0000 0000 0000 0000 0000 0000 0000 0000
0000 0000 0000 0000 0000 0000 0000 0000
0000 0000 0000 0000 0000 0000 0000 0000
0000 0000 0000 0000 0000 0000 0000 0000
0000 0000 0000 0000 0000 0000 0000 0000
0000 0000 0000 0000 0000 0000 0000 0000
0000 0000 0000 0000 0000 0000 0000 0000
0000 0000 0000 0000 0000 0000 0000 0000
0000 0000 0000 0000 0000 0000 0000 0000
0000 0000 0000 0000 0000 0000 0000 0000
0000 0000 0000 0000 0000 0000 0000 0000
0000 0000 0000 0000 0000 0000 0000 0000
0000 0000 0000 0000 0000 0000 0000 0000
0000 0000 0000 0000 0000 0000 0000 0000
0000 0000 0000 0000 0000 0000 0000 0000
0000 0000 0000 0000 0000 0000 0000 0000
0000 0000 0000 0000 0000 0000 0000 0000
0000 0000 0000 0000 0000 0000 0000 0000
0000 0000 0000 0001 0000 0000 0000 080b
0000 0000 0000 0000 0000 0000 0000 0000
0000 0000 0000 0000 0000 0000 0000 0000
0000 0000 0000 0000 0000 0000 0000 0000
0000 0000 0000 0000 0000 0000 0000 0000
0000 0000 0000 0000 0000 0000 0000 0000
0000 0000 0000 0000 0000 0000 0000 0000
0000 0000 0000 0000 0000 0000 0000 0000
0000 0000 0000 0000 0000 0000 0000 0000
0000 0000 0000 0000 0000 0000 0000 0000
0000 0000 0000 0000 0000 0000 0000 0000
0000 0000 0000 0000 0000 0000 0000 0000
0000 0000 0000 0000 0000 0000 0000 0000
0000 0000 0000 0000 0000 0000 0000 0000
0000 0000 0000 0000 0000 0000 0000 0000
0000 0000 0000 0000 0000 0000 0000 0000
0000 0000 0000 0000 0000 0000 0000 0000
0000 0000 0000 0000 0000 0000 0000 0000
0000 0000 0000 0000 0000 0000 0000 0000
0000 0000 0000 0000 0000 0000 0000 0000
0000 0000 0000 0000 0000 0000 0000 0000
0000 0000 0000 0000 0000 0000 0000 0000
0000 0000 0000 0000 0000 0000 0000 0000
0000 0000 0000 0000 0000 0000 0000 0000
0000 0000 0000 0000 0000 0000 0000 0000
0000 0000 0000 0000 0000 0000 0000 0000
0000 0000 0000 0000 0000 0000 0000 0000
0000 0000 0000 0000 0000 0000 0000 0000
0000 0000 0000 0000 0000 0000 0000 0000
0000 0000 0000 0000 0000 0000 0000 0000
0000 0000 0000 0000 0000 0000 0000 0000
0000 0000 0000 0000 0000 0000 0000 0000
0000 0000 0000 0000 0000 0000 0000 0000
0000 0000 0000 0000 0000 0000 0000 0000
0000 0000 0000 0000 0000 0000 0000 0000
0000 0000 0000 0000 0000 0000 0000 0000
0000 0000 0000 0000 0000 0000 0000 0000
0000 0000 0000 0000 0000 0000 0000 0000
0000 0000 0000 0000 0000 0000 0000 0000
0000 0000 0000 0000 0000 0000 0000 0000
0000 0000 0000 0000 0000 0000 0000 0000
0000 0000 0000 0000 0000 0000 0000 0000
0000 0000 0000 0000 0000 0000 0000 0000
0000 0000 0000 0000 0000 0000 0000 0000
0000 0000 0000 0000 0000 0000 0000 0000
0000 0000 0000 0000 0000 0000 0000 0000
0000 0000 0000 0000 0000 0000 0000 0000
0000 0000 0000 0000 0000 0000 0000 0000
0000 0000 0000 0000 0000 0000 0000 0000
0000 0000 0000 0000 0000 0000 0000 0000
0000 0000 0000 0000 0000 0000 0000 0000
0000 0000 0000 0000 0000 0000 0000 0000
0000 0000 0000 0000 0000 0000 0000 0000
0000 0000 0000 0000 0000 0000 0000 0000
0000 0000 0000 0000 0000 0000 0000 0000
0000 0000 0000 0000 0000 0000 0000 0000
0000 0000 0000 0000 0000 0000 0000 0000
0000 0000 0000 0000 0000 0000 0000 0000
0000 0000 0000 0000 0000 0000 0000 0000
0000 0000 0000 0000 0000 0000 0000 0000
0000 0000 0000 0000 0000 0000 0000 0000
0000 0000 0000 0000 0000 0000 0000 0000
0000 0000 0000 0000 0000 0000 0000 0000
0000 0000 0000 0000 0000 0000 0000 0000
0000 0000 0000 0000 0000 0000 0000 0000
0000 0000 0000 0000 0000 0000 0000 0000
0000 0000 0000 0001 0000 0020 0000 0001
0000 0040 0000 0001 0000 0080 0000 0001
0000 0100 0000 0001 0000 0200 0000 0001
0000 0400 0000 0000 0000 0001 0000 1000
0000 0001 0000 2000 0000 0001 0000 4000
0000 0001 0000 8000 0000 0001 0001 0000
0000 0001 0002 0000 0000 0001 0004 0000
0000 0001 0008 0000 0000 0001 0010 0000
0000 0001 0020 0000 0000 0001 0040 0000
0000 0001 0080 0000 0000 0001 0100 0000
0000 0001 0200 0000 0000 0001 0400 0000
0000 0001 0800 0000 0000 0001 1000 0000
0000 0001 2000 0000 0000 0001 4000 0000
0000 0000 0000 0000 0000 0000 0000 0000
0000 0000 0000 0000 0000 0000 0000 0000
0000 0000 0000 0000 0000 0000 0000 0000
0000 0000 0000 0000 0000 0000 0000 0000
0000 0000 0000 0000 0000 0000 0000 0000
0000 0000 0000 0000 0000 0000 0000 0000
0000 0000 0000 0000 0000 0000 0000 0000
0000 0000 0000 0000 0000 0000 0000 0000
0000 0000 0000 0000 0000 0000 0000 0000
0000 0000 0000 0000 0000 0000 0000 0000
0000 0000 0000 0000 0000 0000 0000 0000
0000 0000 0000 0000 0000 0000 0000 0000
0000 0000 0000 0000 0000 0000 0000 0000
0000 0000 0000 0000 0000 0000 0000 0000
0000 0000 0000 0000 0000 0000 0000 0000
0000 0000 0000 0000 0000 0000 0000 0000
0000 0000 0000 0000 0000 0000 0000 0000
0000 0000 0000 0000 0000 0000 0000 0000
0000 0000 0000 0000 0000 0000 0000 0000
0000 0000 0000 0000 0000 0000 0000 0000
0000 0000 0000 0000 0000 0000 0000 0000
0000 0000 0000 0000 0000 0000 0000 0000
0000 0000 0000 0000 0000 0000 0000 0000
0000 0000 0000 0000 0000 0000 0000 0000
0000 0000 0000 0000 0000 0000 0000 0000
0000 0000 0000 0000 0000 0000 0000 0000
0000 0000 0000 0000 0000 0000 0000 0000
0000 0000 0000 0000 0000 0000 0000 0000
0000 0000 0000 0000 0000 0000 0000 0000
0000 0000 0000 0000 0000 0000 0000 0000
0000 0000 0000 0000 0000 0000 0000 0000
0000 0000 0000 0000 0000 0000 0000 0000
0000 0000 0000 0000 0000 0000 0000 0000
0000 0000 0000 0000 0000 0000 0000 0000
0000 0000 0000 0000 0000 0000 0000 0000
0000 0000 0000 0000 0000 0000 0000 0000
0000 0000 0000 0000 0000 0000 0000 0000
0000 0000 0000 0000 0000 0000 0000 0000
0000 0000 0000 0000 0000 0000 0000 0000
0000 0000 0000 0000 0000 0000 0000 0000
0000 0000 0000 0000 0000 0000 0000 0000
0000 0000 0000 0000 0000 0000 0000 0000
0000 0000 0000 0000 0000 0000 0000 0000
0000 0000 0000 0000 0000 0000 0000 0000
0000 0000 0000 0000 0000 0000 0000 0000
0000 0000 0000 0000 0000 0000 0000 0000
0000 0000 0000 0000 0000 0000 0000 0000
0000 0000 0000 0000 0000 0000 0000 0000
0000 0000 0000 0000 0000 0000 0000 0000
0000 0000 0000 0000 0000 0021 0000 000e
0061 0064 0073 002d 0062 0061 006e 006e
0065 0072 002e 006a 0070 0067 496c 6f63
626c 6f62 0000 0010 0000 00a9 0000 0178
ffff ffff ffff 0000 0000 0006 0063 0031
002e 006a 0070 0067 496c 6f63 626c 6f62
0000 0010 0000 00a9 0000 0098 ffff ffff
ffff 0000 0000 0006 0063 0032 002e 006a
0070 0067 496c 6f63 626c 6f62 0000 0010
0000 0117 0000 0098 ffff ffff ffff 0000
0000 0006 0063 0033 002e 006a 0070 0067
496c 6f63 626c 6f62 0000 0010 0000 0185
0000 0098 ffff ffff ffff 0000 0000 0006
0063 0034 002e 006a 0070 0067 496c 6f63
626c 6f62 0000 0010 0000 01f3 0000 0098
ffff ffff ffff 0000 0000 0006 0063 0035
002e 006a 0070 0067 496c 6f63 626c 6f62
0000 0010 0000 0261 0000 0098 ffff ffff
ffff 0000 0000 0006 0063 0036 002e 006a
0070 0067 496c 6f63 626c 6f62 0000 0010
0000 01f3 0000 0178 ffff ffff ffff 0000
0000 000f 0063 0061 0074 002d 0077 0069
0064 0067 0065 0074 0031 002e 006a 0070
0067 496c 6f63 626c 6f62 0000 0010 0000
003b 0000 0108 ffff ffff ffff 0000 0000
000f 0063 0061 0074 002d 0077 0069 0064
0067 0065 0074 0032 002e 006a 0070 0067
496c 6f63 626c 6f62 0000 0010 0000 0117
0000 0108 ffff ffff ffff 0000 0000 000f
0063 0061 0074 002d 0077 0069 0064 0067
0065 0074 0033 002e 006a 0070 0067 496c
6f63 626c 6f62 0000 0010 0000 0185 0000
0108 ffff ffff ffff 0000 0000 0010 0066
0065 0061 0074 0075 0072 0065 002d 0069
006d 0067 0031 002e 006a 0070 0067 496c
6f63 626c 6f62 0000 0010 0000 01f3 0000
0108 ffff ffff ffff 0000 0000 0010 0066
0065 0061 0074 0075 0072 0065 002d 0069
006d 0067 0032 002e 006a 0070 0067 496c
6f63 626c 6f62 0000 0010 0000 00a9 0000
0108 ffff ffff ffff 0000 0000 0010 0066
0065 0061 0074 0075 0072 0065 002d 0069
006d 0067 0033 002e 006a 0070 0067 496c
6f63 626c 6f62 0000 0010 0000 0261 0000
0108 ffff ffff ffff 0000 0000 0010 0066
0065 0061 0074 0075 0072 0065 002d 0069
006d 0067 0034 002e 006a 0070 0067 496c
6f63 626c 6f62 0000 0010 0000 02cf 0000
0108 ffff ffff ffff 0000 0000 0010 0066
0065 0061 0074 0075 0072 0065 002d 0069
006d 0067 0035 002e 006a 0070 0067 496c
6f63 626c 6f62 0000 0010 0000 033d 0000
0108 ffff ffff ffff 0000 0000 0008 006e
0065 0078 0074 002e 006a 0070 0067 496c
6f63 626c 6f62 0000 0010 0000 04f5 0000
0028 ffff ffff ffff 0000 0000 000d 0070
006f 0073 0074 002d 0069 006d 0067 0031
002e 006a 0070 0067 496c 6f63 626c 6f62
0000 0010 0000 0117 0000 0178 ffff ffff
ffff 0000 0000 000d 0070 006f 0073 0074
002d 0069 006d 0067 0032 002e 006a 0070
0067 496c 6f63 626c 6f62 0000 0010 0000
0185 0000 0178 ffff ffff ffff 0000 0000
0007 0070 0070 0031 002e 006a 0070 0067
496c 6f63 626c 6f62 0000 0010 0000 003b
0000 0028 ffff ffff ffff 0000 0000 0007
0070 0070 0031 002e 006a 0070 0067 7074
624c 7573 7472 0000 0046 0041 0070 0070
006c 0069 0063 0061 0074 0069 006f 006e
0073 002f 004d 0041 004d 0050 002f 0068
0074 0064 006f 0063 0073 002f 0031 002e
006d 006f 006e 0074 0068 0079 0020 0070
0072 006f 006a 0065 0063 0074 0073 002f
0036 0032 0020 0041 006e 0069 006d 0061
006c 0020 0053 0068 0065 006c 0074 0065
0072 002f 0069 006d 0067 002f 0062 006c
006f 0067 002f 0000 0007 0070 0070 0031
002e 006a 0070 0067 7074 624e 7573 7472
0000 0007 0070 0070 0031 002e 006a 0070
0067 0000 0007 0070 0070 0032 002e 006a
0070 0067 496c 6f63 626c 6f62 0000 0010
0000 00a9 0000 0028 ffff ffff ffff 0000
0000 0007 0070 0070 0032 002e 006a 0070
0067 7074 624c 7573 7472 0000 0046 0041
0070 0070 006c 0069 0063 0061 0074 0069
006f 006e 0073 002f 004d 0041 004d 0050
002f 0068 0074 0064 006f 0063 0073 002f
0031 002e 006d 006f 006e 0074 0068 0079
0020 0070 0072 006f 006a 0065 0063 0074
0073 002f 0036 0032 0020 0041 006e 0069
006d 0061 006c 0020 0053 0068 0065 006c
0074 0065 0072 002f 0069 006d 0067 002f
0062 006c 006f 0067 002f 0000 0007 0070
0070 0032 002e 006a 0070 0067 7074 624e
7573 7472 0000 0007 0070 0070 0032 002e
006a 0070 0067 0000 0007 0070 0070 0033
002e 006a 0070 0067 496c 6f63 626c 6f62
0000 0010 0000 0117 0000 0028 ffff ffff
ffff 0000 0000 0007 0070 0070 0033 002e
006a 0070 0067 7074 624c 7573 7472 0000
0046 0041 0070 0070 006c 0069 0063 0061
0074 0069 006f 006e 0073 002f 004d 0041
004d 0050 002f 0068 0074 0064 006f 0063
0073 002f 0031 002e 006d 006f 006e 0074
0068 0079 0020 0070 0072 006f 006a 0065
0063 0074 0073 002f 0036 0032 0020 0041
006e 0069 006d 0061 006c 0020 0053 0068
0065 006c 0074 0065 0072 002f 0069 006d
0067 002f 0062 006c 006f 0067 002f 0000
0007 0070 0070 0033 002e 006a 0070 0067
7074 624e 7573 7472 0000 0007 0070 0070
0033 002e 006a 0070 0067 0000 0007 0070
0070 0034 002e 006a 0070 0067 496c 6f63
626c 6f62 0000 0010 0000 0185 0000 0028
ffff ffff ffff 0000 0000 0007 0070 0070
0034 002e 006a 0070 0067 7074 624c 7573
7472 0000 0046 0041 0070 0070 006c 0069
0063 0061 0074 0069 006f 006e 0073 002f
004d 0041 004d 0050 002f 0068 0074 0064
006f 0063 0073 002f 0031 002e 006d 006f
006e 0074 0068 0079 0020 0070 0072 006f
006a 0065 0063 0074 0073 002f 0036 0032
0020 0041 006e 0069 006d 0061 006c 0020
0053 0068 0065 006c 0074 0065 0072 002f
0069 006d 0067 002f 0062 006c 006f 0067
002f 0000 0007 0070 0070 0034 002e 006a
0070 0067 7074 624e 7573 7472 0000 0007
0070 0070 0034 002e 006a 0070 0067 0000
0008 0070 0072 0065 0076 002e 006a 0070
0067 496c 6f63 626c 6f62 0000 0010 0000
003b 0000 0098 ffff ffff ffff 0000 0000
0009 0073 002d 0069 006d 0067 002e 006a
0070 0067 496c 6f63 626c 6f62 0000 0010
0000 0487 0000 0098 ffff ffff ffff 0000
0000 000d 0075 0073 0065 0072 002d 0069
006e 0066 006f 002e 0070 006e 0067 496c
6f63 626c 6f62 0000 0010 0000 03ab 0000
0108 ffff ffff ffff 0000 0000 0000 0000
0000 0000 0000 0000 0000 0000 0000 0000
0000 0000 0000 0000 0000 0000 0000 0000
0000 0000 0000 0000 0000 0000 0000 0000
0000 0000 0000 0000 0000 0000 0000 0000
0000 0000 0000 0000 0000 0000 0000 0000
0000 0000 0000 0000 0000 0000 0000 0000
0000 0000 0000 0000 0000 0000 0000 0000
0000 0000 0000 0000 0000 0000 0000 0000
0000 0000 0000 0000 0000 0000 0000 0000
0000 0000 0000 0000 0000 0000 0000 0000
0000 0000 0000 0000 0000 0000 0000 0000
0000 0000 0000 0000 0000 0000 0000 0000
0000 0000 0000 0000 0000 0000 0000 0000
0000 0000 0000 0000 0000 0000 0000 0000
0000 0000 0000 0000 0000 0000 0000 0000
0000 0000 0000 0000 0000 0000 0000 0000
0000 0000 0000 0000 0000 0000 0000 0000
0000 0000 0000 0000 0000 0000 0000 0000
0000 0000 0000 0000 0000 0000 0000 0000
0000 0000 0000 0000 0000 0000 0000 0000
0000 0000 0000 0000 0000 0000 0000 0000
0000 0000 0000 0000 0000 0000 0000 0000
0000 0000 0000 0000 0000 0000 0000 0000
0000 0000 0000 0000 0000 0000 0000 0000
0000 0000 0000 0000 0000 0000 0000 0000
0000 0000 0000 0000 0000 0000 0000 0000
0000 0000 0000 0000 0000 0000 0000 0000
0000 0000 0000 0000 0000 0000 0000 0000
0000 0000 0000 0000 0000 0000 0000 0000
0000 0000 0000 0000 0000 0000 0000 0000
0000 0000 0000 0000 0000 0000 0000 0000
0000 0000 0000 0000 0000 0000 0000 0000
0000 0000 0000 0000 0000 0000 0000 0000
0000 0000 0000 0000 0000 0000 0000 0000
0000 0000 0000 0000 0000 0000 0000 0000
0000 0000 0000 0000 0000 0000 0000 0000
0000 0000 0000 0000 0000 0000 0000 0000
0000 0000 0000 0000 0000 0000 0000 0000
0000 0000 0000 0000 0000 0000 0000 0000
0000 0000 0000 0000 0000 0000 0000 0000
0000 0000 0000 0000 0000 0000 0000 0000
0000 0000 0000 0000 0000 0000 0000 0000
0000 0000 0000 0000 0000 0000 0000 0000
0000 0000 0000 0000 0000 0000 0000 0000
0000 0000 0000 0000 0000 0000 0000 0000
0000 0000 0000 0000 0000 0000 0000 0000
0000 0000 0000 0000 0000 0000 0000 0000
0000 0000 0000 0000 0000 0000 0000 0000
0000 0000 0000 0000 0000 0000 0000 0000
0000 0000 0000 0000 0000 0000 0000 0000
0000 0000 0000 0000 0000 0000 0000 0000
0000 0000 0000 0000 0000 0000 0000 0000
0000 0000 0000 0000 0000 0000 0000 0000
0000 0000 0000 0000 0000 0000 0000 0000
0000 0000 0000 0000 0000 0000 0000 0000
0000 0000 0000 0000 0000 0000 0000 0000
0000 0000 0000 0000 0000 0000 0000 0000
0000 0000 0000 0000 0000 0000 0000 0000
0000 0000 0000 0000 0000 0000 0000 0000
0000 0000 0000 0000 0000 0000 0000 0000
0000 0000 0000 0000 0000 0000 0000 0000
0000 0000 0000 0000 0000 0000 0000 0000
0000 0000 0000 0000 0000 0000 0000 0000
0000 0000 0000 0000 0000 0000 0000 0000
0000 0000 0000 0000 0000 0000 0000 0000
0000 0000 0000 0000 0000 0000 0000 0000
0000 0000 0000 0000 0000 0000 0000 0000
0000 0000 0000 0000 0000 0000 0000 0000
0000 0000 0000 0000 0000 0000 0000 0000
0000 0000 0000 0000 0000 0000 0000 0000
0000 0000 0000 0000 0000 0000 0000 0000
0000 0000 0000 0000 0000 0000 0000 0000
0000 0000 0000 0000 0000 0000 0000 0000
0000 0000 0000 0000 0000 0000 0000 0000
0000 0000 0000 0000 0000 0000 0000 0000
0000 0000 0000 0000 0000 0000 0000 0000
0000 0000 0000 0000 0000 0000 0000 0000
0000 0000 0000 0000 0000 0000 0000 0000
0000 0000 0000 0000 0000 0000 0000 0000
0000 0000 0000 0000 0000 0000 0000 0000
0000 0000 0000 0000 0000 0000 0000 0000
0000 0000 0000 0000 0000 0000 0000 0000
0000 0000 0000 0000 0000 0000 0000 0000
0000 0000 0000 0000 0000 0000 0000 0000
0000 0000 0000 0000 0000 0000 0000 0000
0000 0000 0000 0000 0000 0000 0000 0000
0000 0000 0000 0000 0000 0000 0000 0000
0000 0000 0000 0000 0000 0000 0000 0000
0000 0000 0000 0000 0000 0000 0000 0000
0000 0000 0000 0000 0000 0000 0000 0000
0000 0000 0000 0000 0000 0000 0000 0000
0000 0000 0000 0000 0000 0000 0000 0000
0000 0000 0000 0000 0000 0000 0000 0000
0000 0000 0000 0000 0000 0000 0000 0000
0000 0000 0000 0000 0000 0000 0000 0000
0000 0000 0000 0000 0000 0000 0000 0000
0000 0000 0000 0000 0000 0000 0000 0000
0000 0000 0000 0000 0000 0000 0000 0000
0000 0000 0000 0000 0000 0000 0000 0000
0000 0000 0000 0000 0000 0000 0000 0000
0000 0000 0000 0000 0000 0000 0000 0000
0000 0000 0000 0000 0000 0000 0000 0000
0000 0000 0000 0000 0000 0000 0000 0000
0000 0000 0000 0000 0000 0000 0000 0000
0000 0000 0000 0000 0000 0000 0000 0000
0000 0000 0000 0000 0000 0000 0000 0000
0000 0000 0000 0000 0000 0000 0000 0000
0000 0000 0000 0000 0000 0000 0000 0000
0000 0000 0000 0000 0000 0000 0000 0000
0000 0000 0000 0000 0000 0000 0000 0000
0000 0000 0000 0000 0000 0000 0000 0000
0000 0000 0000 0000 0000 0000 0000 0000
0000 0000 0000 0000 0000 0000 0000 0000
0000 0000 0000 0000 0000 0000 0000 0000
0000 0000 0000 0000 0000 0000 0000 0000
0000 0000 0000 0000 0000 0000 0000 0000
0000 0000 0000 0000 0000 0000 0000 0000
0000 0000 0000 0000 0000 0000 0000 0000
0000 0000 0000 0003 0000 0000 0000 200b
0000 0045 0000 100c 0000 0000 0000 0000
0000 0000 0000 0000 0000 0000 0000 0000
0000 0000 0000 0000 0000 0000 0000 0000
0000 0000 0000 0000 0000 0000 0000 0000
0000 0000 0000 0000 0000 0000 0000 0000
0000 0000 0000 0000 0000 0000 0000 0000
0000 0000 0000 0000 0000 0000 0000 0000
0000 0000 0000 0000 0000 0000 0000 0000
0000 0000 0000 0000 0000 0000 0000 0000
0000 0000 0000 0000 0000 0000 0000 0000
0000 0000 0000 0000 0000 0000 0000 0000
0000 0000 0000 0000 0000 0000 0000 0000
0000 0000 0000 0000 0000 0000 0000 0000
0000 0000 0000 0000 0000 0000 0000 0000
0000 0000 0000 0000 0000 0000 0000 0000
0000 0000 0000 0000 0000 0000 0000 0000
0000 0000 0000 0000 0000 0000 0000 0000
0000 0000 0000 0000 0000 0000 0000 0000
0000 0000 0000 0000 0000 0000 0000 0000
0000 0000 0000 0000 0000 0000 0000 0000
0000 0000 0000 0000 0000 0000 0000 0000
0000 0000 0000 0000 0000 0000 0000 0000
0000 0000 0000 0000 0000 0000 0000 0000
0000 0000 0000 0000 0000 0000 0000 0000
0000 0000 0000 0000 0000 0000 0000 0000
0000 0000 0000 0000 0000 0000 0000 0000
0000 0000 0000 0000 0000 0000 0000 0000
0000 0000 0000 0000 0000 0000 0000 0000
0000 0000 0000 0000 0000 0000 0000 0000
0000 0000 0000 0000 0000 0000 0000 0000
0000 0000 0000 0000 0000 0000 0000 0000
0000 0000 0000 0000 0000 0000 0000 0000
0000 0000 0000 0000 0000 0000 0000 0000
0000 0000 0000 0000 0000 0000 0000 0000
0000 0000 0000 0000 0000 0000 0000 0000
0000 0000 0000 0000 0000 0000 0000 0000
0000 0000 0000 0000 0000 0000 0000 0000
0000 0000 0000 0000 0000 0000 0000 0000
0000 0000 0000 0000 0000 0000 0000 0000
0000 0000 0000 0000 0000 0000 0000 0000
0000 0000 0000 0000 0000 0000 0000 0000
0000 0000 0000 0000 0000 0000 0000 0000
0000 0000 0000 0000 0000 0000 0000 0000
0000 0000 0000 0000 0000 0000 0000 0000
0000 0000 0000 0000 0000 0000 0000 0000
0000 0000 0000 0000 0000 0000 0000 0000
0000 0000 0000 0000 0000 0000 0000 0000
0000 0000 0000 0000 0000 0000 0000 0000
0000 0000 0000 0000 0000 0000 0000 0000
0000 0000 0000 0000 0000 0000 0000 0000
0000 0000 0000 0000 0000 0000 0000 0000
0000 0000 0000 0000 0000 0000 0000 0000
0000 0000 0000 0000 0000 0000 0000 0000
0000 0000 0000 0000 0000 0000 0000 0000
0000 0000 0000 0000 0000 0000 0000 0000
0000 0000 0000 0000 0000 0000 0000 0000
0000 0000 0000 0000 0000 0000 0000 0000
0000 0000 0000 0000 0000 0000 0000 0000
0000 0000 0000 0000 0000 0000 0000 0000
0000 0000 0000 0000 0000 0000 0000 0000
0000 0000 0000 0000 0000 0000 0000 0000
0000 0000 0000 0000 0000 0000 0000 0000
0000 0000 0000 0000 0000 0000 0000 0000
0000 0000 0000 0000 0000 0000 0000 0001
0444 5344 4200 0000 0100 0000 0000 0000
0000 0000 0000 0000 0000 0000 0000 0000
0200 0000 2000 0000 6000 0000 0000 0000
0100 0000 8000 0000 0100 0001 0000 0000
0100 0002 0000 0000 0100 0004 0000 0000
0200 0008 0000 0028 0000 0000 0100 0030
0000 0000 0000 0000 0100 0040 0000 0000
0100 0080 0000 0000 0100 0100 0000 0000
0100 0200 0000 0000 0100 0400 0000 0000
0100 0800 0000 0000 0100 1000 0000 0000
0100 2000 0000 0000 0100 4000 0000 0000
0100 8000 0000 0000 0101 0000 0000 0000
0102 0000 0000 0000 0104 0000 0000 0000
0108 0000 0000 0000 0110 0000 0000 0000
0120 0000 0000 0000 0140 0000 0000 0000
0070 0067 496c 6f63 626c 6f62 0000 0010
0000 00a9 0000 0028 ffff ffff ffff 0000
0000 0007 0070 0070 0032 002e 006a 0070
0067 7074 624c 7573 7472 0000 0046 0041
0070 0070 006c 0069 0063 0061 0074 0069
006f 006e 0073 002f 004d 0041 004d 0050
002f 0068 0074 0064 006f 0063 0073 002f
0031 002e 006d 006f 006e 0074 0068 0079
0020 0070 0072 006f 006a 0065 0063 0074
0073 002f 0036 0032 0020 0041 006e 0069
006d 0061 006c 0020 0053 0068 0065 006c
0074 0065 0072 002f 0069 006d 0067 002f
0062 006c 006f 0067 002f 0000 0007 0070
0070 0032 002e 006a 0070 0067 7074 624e
7573 7472 0000 0007 0070 0070 0032 002e
006a 0070 0067 0000 0007 0070 0070 0033
002e 006a 0070 0067 496c 6f63 626c 6f62
0000 0010 0000 0117 0000 0028 ffff ffff
ffff 0000 0000 0007 0070 0070 0033 002e
006a 0070 0067 7074 624c 7573 7472 0000
0046 0041 0070 0070 006c 0069 0063 0061
0074 0069 006f 006e 0073 002f 004d 0041
004d 0050 002f 0068 0074 0064 006f 0063
0073 002f 0031 002e 006d 006f 006e 0074
0068 0079 0020 0070 0072 006f 006a 0065
0063 0074 0073 002f 0036 0032 0020 0041
006e 0069 006d 0061 006c 0020 0053 0068
0065 006c 0074 0065 0072 002f 0069 006d
0067 002f 0062 006c 006f 0067 002f 0000
0007 0070 0070 0033 002e 006a 0070 0067
7074 624e 7573 7472 0000 0007 0070 0070
0033 002e 006a 0070 0067 0000 0007 0070
0070 0034 002e 006a 0070 0067 496c 6f63
626c 6f62 0000 0010 0000 0185 0000 0028
ffff ffff ffff 0000 0000 0007 0070 0070
0034 002e 006a 0070 0067 7074 624c 7573
7472 0000 0046 0041 0070 0070 006c 0069
0063 0061 0074 0069 006f 006e 0073 002f
004d 0041 004d 0050 002f 0068 0074 0064
006f 0063 0073 002f 0031 002e 006d 006f
006e 0074 0068 0079 0020 0070 0072 006f
006a 0065 0063 0074 0073 002f 0036 0032
0020 0041 006e 0069 006d 0061 006c 0020
0053 0068 0065 006c 0074 0065 0072 002f
0069 006d 0067 002f 0062 006c 006f 0067
002f 0000 0007 0070 0070 0034 002e 006a
0070 0067 7074 624e 7573 7472 0000 0007
0070 0070 0034 002e 006a 0070 0067 0000
0008 0070 
