0000 0001 4275 6431 0000 2000 0000 0800
0000 2000 0000 100c 0000 0000 0000 0000
0000 0000 0000 0000 0000 0000 0000 0800
0000 0800 0000 0000 0000 0000 0000 0000
0000 0000 0000 0002 0000 0000 0000 0028
0000 0001 0000 1000 0074 6277 7370 626c
6f62 0000 0000 0000 0000 0000 0000 0000
0000 0000 0000 0000 0000 0000 0000 0000
0000 0000 0000 0000 0000 0000 0000 0000
0000 0000 0000 0000 0000 0000 0000 0000
0000 0000 0000 0000 0000 0000 0000 0000
0000 0000 0000 0000 0000 0000 0000 0000
0000 0000 0000 0000 0000 0000 0000 0000
0000 0000 0000 0000 0000 0000 0000 0000
0000 0000 0000 0000 0000 0000 0000 0000
0000 0000 0000 0000 0000 0000 0000 0000
0000 0000 0000 0000 0000 0000 0000 0000
0000 0000 0000 0000 0000 0000 0000 0000
0000 0000 0000 0000 0000 0000 0000 0000
0000 0000 0000 0000 0000 0000 0000 0000
0000 0000 0000 0000 0000 0000 0000 0000
0000 0000 0000 0000 0000 0000 0000 0000
0000 0000 0000 0000 0000 0000 0000 0000
0000 0000 0000 0000 0000 0000 0000 0000
0000 0000 0000 0000 0000 0000 0000 0000
0000 0000 0000 0000 0000 0000 0000 0000
0000 0000 0000 0000 0000 0000 0000 0000
0000 0000 0000 0000 0000 0000 0000 0000
0000 0000 0000 0000 0000 0000 0000 0000
0000 0000 0000 0000 0000 0000 0000 0000
0000 0000 0000 0000 0000 0000 0000 0000
0000 0000 0000 0000 0000 0000 0000 0000
0000 0000 0000 0000 0000 0000 0000 0000
0000 0000 0000 0000 0000 0000 0000 0000
0000 0000 0000 0000 0000 0000 0000 0000
0000 0000 0000 0000 0000 0000 0000 0000
0000 0000 0000 0000 0000 0000 0000 0000
0000 0000 0000 0000 0000 0000 0000 0000
0000 0000 0000 0000 0000 0000 0000 0000
0000 0000 0000 0000 0000 0000 0000 0000
0000 0000 0000 0000 0000 0000 0000 0000
0000 0000 0000 0000 0000 0000 0000 0000
0000 0000 0000 0000 0000 0000 0000 0000
0000 0000 0000 0000 0000 0000 0000 0000
0000 0000 0000 0000 0000 0000 0000 0000
0000 0000 0000 0000 0000 0000 0000 0000
0000 0000 0000 0000 0000 0000 0000 0000
0000 0000 0000 0000 0000 0000 0000 0000
0000 0000 0000 0000 0000 0000 0000 0000
0000 0000 0000 0000 0000 0000 0000 0000
0000 0000 0000 0000 0000 0000 0000 0000
0000 0000 0000 0000 0000 0000 0000 0000
0000 0000 0000 0000 0000 0000 0000 0000
0000 0000 0000 0000 0000 0000 0000 0000
0000 0000 0000 0000 0000 0000 0000 0000
0000 0000 0000 0000 0000 0000 0000 0000
0000 0000 0000 0000 0000 0000 0000 0000
0000 0000 0000 0000 0000 0000 0000 0000
0000 0000 0000 0000 0000 0000 0000 0000
0000 0000 0000 0000 0000 0000 0000 0000
0000 0000 0000 0000 0000 0000 0000 0000
0000 0000 0000 0000 0000 0000 0000 0000
0000 0000 0000 0000 0000 0000 0000 0000
0000 0000 0000 0000 0000 0000 0000 0000
0000 0000 0000 0000 0000 0000 0000 0000
0000 0000 0000 0000 0000 0000 0000 0000
0000 0000 0000 0000 0000 0000 0000 0000
0000 0000 0000 0000 0000 0000 0000 0000
0000 0000 0000 0000 0000 0000 0000 0000
0000 0000 0000 0000 0000 0000 0000 0000
0000 0000 0000 0000 0000 0000 0000 0000
0000 0000 0000 0000 0000 0000 0000 0000
0000 0000 0000 0000 0000 0000 0000 0000
0000 0000 0000 0000 0000 0000 0000 0000
0000 0000 0000 0000 0000 0000 0000 0000
0000 0000 0000 0000 0000 0000 0000 0000
0000 0000 0000 0000 0000 0000 0000 0000
0000 0000 0000 0000 0000 0000 0000 0000
0000 0000 0000 0000 0000 0000 0000 0000
0000 0000 0000 0000 0000 0000 0000 0000
0000 0000 0000 0000 0000 0000 0000 0000
0000 0000 0000 0000 0000 0000 0000 0000
0000 0000 0000 0000 0000 0000 0000 0000
0000 0000 0000 0000 0000 0000 0000 0000
0000 0000 0000 0000 0000 0000 0000 0000
0000 0000 0000 0000 0000 0000 0000 0000
0000 0000 0000 0000 0000 0000 0000 0000
0000 0000 0000 0000 0000 0000 0000 0000
0000 0000 0000 0000 0000 0000 0000 0000
0000 0000 0000 0000 0000 0000 0000 0000
0000 0000 0000 0000 0000 0000 0000 0000
0000 0000 0000 0000 0000 0000 0000 0000
0000 0000 0000 0000 0000 0000 0000 0000
0000 0000 0000 0000 0000 0000 0000 0000
0000 0000 0000 0000 0000 0000 0000 0000
0000 0000 0000 0000 0000 0000 0000 0000
0000 0000 0000 0000 0000 0000 0000 0000
0000 0000 0000 0000 0000 0000 0000 0000
0000 0000 0000 0000 0000 0000 0000 0000
0000 0000 0000 0000 0000 0000 0000 0000
0000 0000 0000 0000 0000 0000 0000 0000
0000 0000 0000 0000 0000 0000 0000 0000
0000 0000 0000 0000 0000 0000 0000 0000
0000 0000 0000 0000 0000 0000 0000 0000
0000 0000 0000 0000 0000 0000 0000 0000
0000 0000 0000 0000 0000 0000 0000 0000
0000 0000 0000 0000 0000 0000 0000 0000
0000 0000 0000 0000 0000 0000 0000 0000
0000 0000 0000 0000 0000 0000 0000 0000
0000 0000 0000 0000 0000 0000 0000 0000
0000 0000 0000 0000 0000 0000 0000 0000
0000 0000 0000 0000 0000 0000 0000 0000
0000 0000 0000 0000 0000 0000 0000 0000
0000 0000 0000 0000 0000 0000 0000 0000
0000 0000 0000 0000 0000 0000 0000 0000
0000 0000 0000 0000 0000 0000 0000 0000
0000 0000 0000 0000 0000 0000 0000 0000
0000 0000 0000 0000 0000 0000 0000 0000
0000 0000 0000 0000 0000 0000 0000 0000
0000 0000 0000 0000 0000 0000 0000 0000
0000 0000 0000 0000 0000 0000 0000 0000
0000 0000 0000 0000 0000 0000 0000 0000
0000 0000 0000 0000 0000 0000 0000 0000
0000 0000 0000 0000 0000 0000 0000 0000
0000 0000 0000 0000 0000 0000 0000 0000
0000 0000 0000 0000 0000 0000 0000 0000
0000 0000 0000 0000 0000 0000 0000 0000
0000 0000 0000 0000 0000 0000 0000 0000
0000 0000 0000 0001 0000 0000 0000 080b
0000 0000 0000 0000 0000 0000 0000 0000
0000 0000 0000 0000 0000 0000 0000 0000
0000 0000 0000 0000 0000 0000 0000 0000
0000 0000 0000 0000 0000 0000 0000 0000
0000 0000 0000 0000 0000 0000 0000 0000
0000 0000 0000 0000 0000 0000 0000 0000
0000 0000 0000 0000 0000 0000 0000 0000
0000 0000 0000 0000 0000 0000 0000 0000
0000 0000 0000 0000 0000 0000 0000 0000
0000 0000 0000 0000 0000 0000 0000 0000
0000 0000 0000 0000 0000 0000 0000 0000
0000 0000 0000 0000 0000 0000 0000 0000
0000 0000 0000 0000 0000 0000 0000 0000
0000 0000 0000 0000 0000 0000 0000 0000
0000 0000 0000 0000 0000 0000 0000 0000
0000 0000 0000 0000 0000 0000 0000 0000
0000 0000 0000 0000 0000 0000 0000 0000
0000 0000 0000 0000 0000 0000 0000 0000
0000 0000 0000 0000 0000 0000 0000 0000
0000 0000 0000 0000 0000 0000 0000 0000
0000 0000 0000 0000 0000 0000 0000 0000
0000 0000 0000 0000 0000 0000 0000 0000
0000 0000 0000 0000 0000 0000 0000 0000
0000 0000 0000 0000 0000 0000 0000 0000
0000 0000 0000 0000 0000 0000 0000 0000
0000 0000 0000 0000 0000 0000 0000 0000
0000 0000 0000 0000 0000 0000 0000 0000
0000 0000 0000 0000 0000 0000 0000 0000
0000 0000 0000 0000 0000 0000 0000 0000
0000 0000 0000 0000 0000 0000 0000 0000
0000 0000 0000 0000 0000 0000 0000 0000
0000 0000 0000 0000 0000 0000 0000 0000
0000 0000 0000 0000 0000 0000 0000 0000
0000 0000 0000 0000 0000 0000 0000 0000
0000 0000 0000 0000 0000 0000 0000 0000
0000 0000 0000 0000 0000 0000 0000 0000
0000 0000 0000 0000 0000 0000 0000 0000
0000 0000 0000 0000 0000 0000 0000 0000
0000 0000 0000 0000 0000 0000 0000 0000
0000 0000 0000 0000 0000 0000 0000 0000
0000 0000 0000 0000 0000 0000 0000 0000
0000 0000 0000 0000 0000 0000 0000 0000
0000 0000 0000 0000 0000 0000 0000 0000
0000 0000 0000 0000 0000 0000 0000 0000
0000 0000 0000 0000 0000 0000 0000 0000
0000 0000 0000 0000 0000 0000 0000 0000
0000 0000 0000 0000 0000 0000 0000 0000
0000 0000 0000 0000 0000 0000 0000 0000
0000 0000 0000 0000 0000 0000 0000 0000
0000 0000 0000 0000 0000 0000 0000 0000
0000 0000 0000 0000 0000 0000 0000 0000
0000 0000 0000 0000 0000 0000 0000 0000
0000 0000 0000 0000 0000 0000 0000 0000
0000 0000 0000 0000 0000 0000 0000 0000
0000 0000 0000 0000 0000 0000 0000 0000
0000 0000 0000 0000 0000 0000 0000 0000
0000 0000 0000 0000 0000 0000 0000 0000
0000 0000 0000 0000 0000 0000 0000 0000
0000 0000 0000 0000 0000 0000 0000 0000
0000 0000 0000 0000 0000 0000 0000 0000
0000 0000 0000 0000 0000 0000 0000 0000
0000 0000 0000 0000 0000 0000 0000 0000
0000 0000 0000 0000 0000 0000 0000 0000
0000 0000 0000 0000 0000 0000 0000 0000
0000 0000 0000 0000 0000 0000 0000 0000
0000 0000 0000 0001 0000 0020 0000 0001
0000 0040 0000 0001 0000 0080 0000 0001
0000 0100 0000 0001 0000 0200 0000 0001
0000 0400 0000 0000 0000 0001 0000 1000
0000 0001 0000 2000 0000 0001 0000 4000
0000 0001 0000 8000 0000 0001 0001 0000
0000 0001 0002 0000 0000 0001 0004 0000
0000 0001 0008 0000 0000 0001 0010 0000
0000 0001 0020 0000 0000 0001 0040 0000
0000 0001 0080 0000 0000 0001 0100 0000
0000 0001 0200 0000 0000 0001 0400 0000
0000 0001 0800 0000 0000 0001 1000 0000
0000 0001 2000 0000 0000 0001 4000 0000
0000 0000 0000 0000 0000 0000 0000 0000
0000 0000 0000 0000 0000 0000 0000 0000
0000 0000 0000 0000 0000 0000 0000 0000
0000 0000 0000 0000 0000 0000 0000 0000
0000 0000 0000 0000 0000 0000 0000 0000
0000 0000 0000 0000 0000 0000 0000 0000
0000 0000 0000 0000 0000 0000 0000 0000
0000 0000 0000 0000 0000 0000 0000 0000
0000 0000 0000 0000 0000 0000 0000 0000
0000 0000 0000 0000 0000 0000 0000 0000
0000 0000 0000 0000 0000 0000 0000 0000
0000 0000 0000 0000 0000 0000 0000 0000
0000 0000 0000 0000 0000 0000 0000 0000
0000 0000 0000 0000 0000 0000 0000 0000
0000 0000 0000 0000 0000 0000 0000 0000
0000 0000 0000 0000 0000 0000 0000 0000
0000 0000 0000 0000 0000 0000 0000 0000
0000 0000 0000 0000 0000 0000 0000 0000
0000 0000 0000 0000 0000 0000 0000 0000
0000 0000 0000 0000 0000 0000 0000 0000
0000 0000 0000 0000 0000 0000 0000 0000
0000 0000 0000 0000 0000 0000 0000 0000
0000 0000 0000 0000 0000 0000 0000 0000
0000 0000 0000 0000 0000 0000 0000 0000
0000 0000 0000 0000 0000 0000 0000 0000
0000 0000 0000 0000 0000 0000 0000 0000
0000 0000 0000 0000 0000 0000 0000 0000
0000 0000 0000 0000 0000 0000 0000 0000
0000 0000 0000 0000 0000 0000 0000 0000
0000 0000 0000 0000 0000 0000 0000 0000
0000 0000 0000 0000 0000 0000 0000 0000
0000 0000 0000 0000 0000 0000 0000 0000
0000 0000 0000 0000 0000 0000 0000 0000
0000 0000 0000 0000 0000 0000 0000 0000
0000 0000 0000 0000 0000 0000 0000 0000
0000 0000 0000 0000 0000 0000 0000 0000
0000 0000 0000 0000 0000 0000 0000 0000
0000 0000 0000 0000 0000 0000 0000 0000
0000 0000 0000 0000 0000 0000 0000 0000
0000 0000 0000 0000 0000 0000 0000 0000
0000 0000 0000 0000 0000 0000 0000 0000
0000 0000 0000 0000 0000 0000 0000 0000
0000 0000 0000 0000 0000 0000 0000 0000
0000 0000 0000 0000 0000 0000 0000 0000
0000 0000 0000 0000 0000 0000 0000 0000
0000 0000 0000 0000 0000 0000 0000 0000
0000 0000 0000 0000 0000 0000 0000 0000
0000 0000 0000 0000 0000 0000 0000 0000
0000 0000 0000 0000 0000 0000 0000 0000
0000 0000 0000 0000 0000 0028 0000 0005
0061 0062 006f 0075 0074 6277 7370 626c
6f62 0000 00ca 6270 6c69 7374 3030 d701
0203 0405 0607 0808 080b 080d 085d 5368
6f77 5374 6174 7573 4261 725b 5368 6f77
5369 6465 6261 725b 5368 6f77 546f 6f6c
6261 725b 5368 6f77 5461 6256 6965 775f
1014 436f 6e74 6169 6e65 7253 686f 7753
6964 6562 6172 5c57 696e 646f 7742 6f75
6e64 735b 5368 6f77 5061 7468 6261 7209
0909 0809 5f10 197b 7b31 3031 2c20 3135
327d 2c20 7b31 3636 382c 2036 3236 7d7d
0908 1725 313d 4960 6d79 7a7b 7c7d 7e9a
0000 0000 0000 0101 0000 0000 0000 000f
0000 0000 0000 0000 0000 0000 0000 009b
0000 0005 0061 0062 006f 0075 0074 6c67
3153 636f 6d70 0000 0000 0000 0000 0000
0005 0061 0062 006f 0075 0074 6d6f 4444
6475 7463 0000 d702 15a5 0000 0000 0005
0061 0062 006f 0075 0074 6d6f 6444 6475
7463 0000 d702 15a5 0000 0000 0005 0061
0062 006f 0075 0074 7068 3153 636f 6d70
0000 0000 0000 0000 0000 0005 0061 0062
006f 0075 0074 7653 726e 6c6f 6e67 0000
0001 0000 0004 0062 006c 006f 0067 4752
5030 7573 7472 0000 0004 004e 0061 006d
0065 0000 0004 0062 006c 006f 0067 6277
7370 626c 6f62 0000 00c9 6270 6c69 7374
3030 d701 0203 0405 0607 0808 080b 080d
085d 5368 6f77 5374 6174 7573 4261 725b
5368 6f77 5369 6465 6261 725b 5368 6f77
546f 6f6c 6261 725b 5368 6f77 5461 6256
6965 775f 1014 436f 6e74 6169 6e65 7253
686f 7753 6964 6562 6172 5c57 696e 646f
7742 6f75 6e64 735b 5368 6f77 5061 7468
6261 7209 0909 0809 5f10 187b 7b37 302c
2033 3139 7d2c 207b 3136 3638 2c20 3632
367d 7d09 0817 2531 3d49 606d 797a 7b7c
7d7e 9900 0000 0000 0001 0100 0000 0000
0000 0f00 0000 0000 0000 0000 0000 0000
0000 9a00 0000 0400 6200 6c00 6f00 6769
6376 7062 6c6f 6200 0001 8562 706c 6973
7430 30de 0102 0304 0506 0708 090a 0b0c
0d0e 0f10 110f 120f 1313 1415 1617 1719
5f10 1362 6163 6b67 726f 756e 6443 6f6c
6f72 426c 7565 5869 636f 6e53 697a 6558
7465 7874 5369 7a65 5f10 1262 6163 6b67
726f 756e 6443 6f6c 6f72 5265 645e 6261
636b 6772 6f75 6e64 5479 7065 5f10 1462
6163 6b67 726f 756e 6443 6f6c 6f72 4772
6565 6e5b 6772 6964 4f66 6673 6574 585b
6772 6964 4f66 6673 6574 595c 7368 6f77
4974 656d 496e 666f 5f10 1276 6965 774f
7074 696f 6e73 5665 7273 696f 6e59 6172
7261 6e67 6542 795d 6c61 6265 6c4f 6e42
6f74 746f 6d5f 100f 7368 6f77 4963 6f6e
5072 6576 6965 775b 6772 6964 5370 6163
696e 6723 3ff0 0000 0000 0000 2340 5000
0000 0000 0023 4028 0000 0000 0000 1000
2300 0000 0000 0000 0008 1001 546e 616d
6509 0923 404b 0000 0000 0000 0008 0025
003b 0044 004d 0062 0071 0088 0094 00a0
00ad 00c2 00cc 00da 00ec 00f8 0101 010a
0113 0115 011e 011f 0121 0126 0127 0128
0000 0000 0000 0201 0000 0000 0000 001a
0000 0000 0000 0000 0000 0000 0000 0131
0000 0004 0062 006c 006f 0067 6c67 3153
636f 6d70 0000 0000 000e 8267 0000 0004
0062 006c 006f 0067 6d6f 4444 6475 7463
0000 d6ef b219 0000 0000 0004 0062 006c
006f 0067 6d6f 6444 6475 7463 0000 d6ef
b219 0000 0000 0004 0062 006c 006f 0067
7068 3153 636f 6d70 0000 0000 000f 4000
0000 0004 0062 006c 006f 0067 7653 726e
6c6f 6e67 0000 0001 0000 0008 0065 006c
0065 006d 0065 006e 0074 0073 6277 7370
626c 6f62 0000 00ca 6270 6c69 7374 3030
d701 0203 0405 0607 0808 080b 080d 085d
5368 6f77 5374 6174 7573 4261 725b 5368
6f77 5369 6465 6261 725b 5368 6f77 546f
6f6c 6261 725b 5368 6f77 5461 6256 6965
775f 1014 436f 6e74 6169 6e65 7253 686f
7753 6964 6562 6172 5c57 696e 646f 7742
6f75 6e64 735b 5368 6f77 5061 7468 6261
7209 0909 0809 5f10 197b 7b31 3031 2c20
3135 327d 2c20 7b31 3636 382c 2036 3236
7d7d 0908 1725 313d 4960 6d79 7a7b 7c7d
7e9a 0000 0000 0000 0101 0000 0000 0000
000f 0000 0000 0000 0000 0000 0000 0000
009b 0000 0008 0065 006c 0065 006d 0065
006e 0074 0073 6c67 3153 636f 6d70 0000
0000 000d 041d 0000 0008 0065 006c 0065
006d 0065 006e 0074 0073 6d6f 4444 6475
7463 0000 d6d7 e938 0000 0000 0008 0065
006c 0065 006d 0065 006e 0074 0073 6d6f
6444 6475 7463 0000 d6d7 e938 0000 0000
0008 0065 006c 0065 006d 0065 006e 0074
0073 7068 3153 636f 6d70 0000 0000 000e
2000 0000 0008 0065 006c 0065 006d 0065
006e 0074 0073 7074 624c 7573 7472 0000
003c 0041 0070 0070 006c 0069 0063 0061
0074 0069 006f 006e 0073 002f 004d 0041
004d 0050 002f 0068 0074 0064 006f 0063
0073 002f 0031 002e 006d 006f 006e 0074
0068 0079 0020 0070 0072 006f 006a 0065
0063 0074 0073 002f 0037 0031 0020 0045
0064 0075 0063 0061 0074 0069 006f 006e
002f 0069 006d 0067 002f 0000 0008 0065
006c 0065 006d 0065 006e 0074 0073 7074
624e 7573 7472 0000 0008 0065 006c 0065
006d 0065 006e 0074 0073 0000 0008 0065
006c 0065 006d 0065 006e 0074 0073 7653
726e 6c6f 6e67 0000 0001 0000 0006 0068
006f 0074 0065 006c 0073 6277 7370 626c
6f62 0000 00ca 6270 6c69 7374 3030 d701
0203 0405 0607 0808 080b 080d 085d 5368
6f77 5374 6174 7573 4261 725b 5368 6f77
5369 6465 6261 725b 5368 6f77 546f 6f6c
6261 725b 5368 6f77 5461 6256 6965 775f
1014 436f 6e74 6169 6e65 7253 686f 7753
6964 6562 6172 5c57 696e 646f 7742 6f75
6e64 735b 5368 6f77 5061 7468 6261 7209
0909 0809 5f10 197b 7b31 3031 2c20 3135
327d 2c20 7b31 3636 382c 2036 3236 7d7d
0908 1725 313d 4960 6d79 7a7b 7c7d 7e9a
0000 0000 0000 0101 0000 0000 0000 000f
0000 0000 0000 0000 0000 0000 0000 009b
0000 0006 0068 006f 0074 0065 006c 0073
6c67 3153 636f 6d70 0000 0000 0000 0000
0000 0006 0068 006f 0074 0065 006c 0073
6d6f 4444 6475 7463 0000 d702 270d 0000
0000 0006 0068 006f 0074 0065 006c 0073
6d6f 6444 6475 7463 0000 d702 270d 0000
0000 0006 0068 006f 0074 0065 006c 0073
7068 3153 636f 6d70 0000 0000 0000 0000
0000 0006 0068 006f 0074 0065 006c 0073
7653 726e 6c6f 6e67 0000 0001 0000 0009
0069 006e 0073 0075 0072 0065 006e 0063
0065 6277 7370 626c 6f62 0000 00ca 6270
6c69 7374 3030 d701 0203 0405 0607 0808
080b 080d 085d 5368 6f77 5374 6174 7573
4261 725b 5368 6f77 5369 6465 6261 725b
5368 6f77 546f 6f6c 6261 725b 5368 6f77
5461 6256 6965 775f 1014 436f 6e74 6169
6e65 7253 686f 7753 6964 6562 6172 5c57
696e 646f 7742 6f75 6e64 735b 5368 6f77
5061 7468 6261 7209 0909 0809 5f10 197b
7b31 3130 2c20 3237 387d 2c20 7b31 3636
382c 2036 3236 7d7d 0908 1725 313d 4960
6d79 7a7b 7c7d 7e9a 0000 0000 0000 0101
0000 0000 0000 000f 0000 0000 0000 0000
0000 0000 0000 009b 0000 0009 0069 006e
0073 0075 0072 0065 006e 0063 0065 6c67
3153 636f 6d70 0000 0000 0000 0000 0000
0009 0069 006e 0073 0075 0072 0065 006e
0063 0065 6d6f 4444 6475 7463 0000 d702
2aa9 0000 0000 0009 0069 006e 0073 0075
0072 0065 006e 0063 0065 6d6f 6444 6475
7463 0000 d702 2aa9 0000 0000 0009 0069
006e 0073 0075 0072 0065 006e 0063 0065
7068 3153 636f 6d70 0000 0000 0000 0000
0000 0009 0069 006e 0073 0075 0072 0065
006e 0063 0065 7653 726e 6c6f 6e67 0000
0001 0000 0008 0070 0061 0063 006b 0061
0067 0065 0073 6277 7370 626c 6f62 0000
00ca 6270 6c69 7374 3030 d701 0203 0405
0607 0808 080b 080d 085d 5368 6f77 5374
6174 7573 4261 725b 5368 6f77 5369 6465
6261 725b 5368 6f77 546f 6f6c 6261 725b
5368 6f77 5461 6256 6965 775f 1014 436f
6e74 6169 6e65 7253 686f 7753 6964 6562
6172 5c57 696e 646f 7742 6f75 6e64 735b
5368 6f77 5061 7468 6261 7209 0909 0809
5f10 197b 7b31 3031 2c20 3135 327d 2c20
7b31 3636 382c 2036 3236 7d7d 0908 1725
313d 4960 6d79 7a7b 7c7d 7e9a 0000 0000
0000 0101 0000 0000 0000 000f 0000 0000
0000 0000 0000 0000 0000 009b 0000 0008
0070 0061 0063 006b 0061 0067 0065 0073
6c67 3153 636f 6d70 0000 0000 0000 0000
0000 0008 0070 0061 0063 006b 0061 0067
0065 0073 6d6f 4444 6475 7463 0000 d702
17e9 0000 0000 0008 0070 0061 0063 006b
0061 0067 0065 0073 6d6f 6444 6475 7463
0000 d702 17e9 0000 0000 0008 0070 0061
0063 006b 0061 0067 0065 0073 7068 3153
636f 6d70 0000 0000 0000 0000 0000 0008
0070 0061 0063 006b 0061 0067 0065 0073
7653 726e 6c6f 6e67 0000 0001 0000 0000
0000 0000 0000 0000 0000 0000 0000 0000
0000 0000 0000 0000 0000 0000 0000 0000
0000 0000 0000 0000 0000 0000 0000 0000
0000 0000 0000 0000 0000 0000 0000 0000
0000 0000 0000 0000 0000 0000 0000 0000
0000 0000 0000 0000 0000 0000 0000 0000
0000 0000 0000 0000 0000 0000 0000 0000
0000 0000 0000 0000 0000 0000 0000 0000
0000 0000 0000 0000 0000 0000 0000 0000
0000 0000 0000 0000 0000 0000 0000 0000
0000 0000 0000 0000 0000 0000 0000 0000
0000 0000 0000 0000 0000 0000 0000 0000
0000 0000 0000 0000 0000 0000 0000 0000
0000 0000 0000 0000 0000 0000 0000 0000
0000 0000 0000 0000 0000 0000 0000 0000
0000 0000 0000 0000 0000 0000 0000 0000
0000 0000 0000 0000 0000 0000 0000 0000
0000 0000 0000 0000 0000 0000 0000 0000
0000 0000 0000 0000 0000 0000 0000 0000
0000 0000 0000 0000 0000 0000 0000 0000
0000 0000 0000 0000 0000 0000 0000 0000
0000 0000 0000 0000 0000 0000 0000 0000
0000 0000 0000 0000 0000 0000 0000 0000
0000 0000 0000 0000 0000 0000 0000 0000
0000 0000 0000 0000 0000 0000 0000 0000
0000 0000 0000 0000 0000 0000 0000 0000
0000 0000 0000 0000 0000 0000 0000 0000
0000 0000 0000 0000 0000 0000 0000 0000
0000 0000 0000 0000 0000 0000 0000 0000
0000 0000 0000 0000 0000 0000 0000 0000
0000 0000 0000 0000 0000 0000 0000 0000
0000 0000 0000 0000 0000 0000 0000 0000
0000 0000 0000 0000 0000 0000 0000 0000
0000 0000 0000 0000 0000 0000 0000 0000
0000 0000 0000 0000 0000 0000 0000 0000
0000 0000 0000 0000 0000 0000 0000 0000
0000 0000 0000 0000 0000 0000 0000 0000
0000 0000 0000 0000 0000 0000 0000 0000
0000 0000 0000 0000 0000 0000 0000 0000
0000 0000 0000 0000 0000 0000 0000 0000
0000 0000 0000 0000 0000 0000 0000 0000
0000 0000 0000 0000 0000 0000 0000 0000
0000 0000 0000 0000 0000 0000 0000 0000
0000 0000 0000 0000 0000 0000 0000 0000
0000 0000 0000 0000 0000 0000 0000 0000
0000 0000 0000 0000 0000 0000 0000 0000
0000 0000 0000 0000 0000 0000 0000 0000
0000 0000 0000 0000 0000 0000 0000 0000
0000 0000 0000 0000 0000 0000 0000 0000
0000 0000 0000 0000 0000 0000 0000 0000
0000 0000 0000 0000 0000 0000 0000 0000
0000 0000 0000 0000 0000 0000 0000 0000
0000 0000 0000 0000 0000 0000 0000 0000
0000 0000 0000 0000 0000 0000 0000 0000
0000 0000 0000 0000 0000 0000 0000 0000
0000 0000 0000 0000 0000 0000 0000 0000
0000 0000 0000 0000 0000 0000 0000 0000
0000 0000 0000 0000 0000 0000 0000 0000
0000 0000 0000 0000 0000 0000 0000 0000
0000 0000 0000 0000 0000 0000 0000 0000
0000 0000 0000 0000 0000 0000 0000 0000
0000 0000 0000 0000 0000 0000 0000 0000
0000 0000 0000 0000 0000 0000 0000 0000
0000 0000 0000 0000 0000 0000 0000 0000
0000 0000 0000 0000 0000 0000 0000 0000
0000 0000 0000 0000 0000 0000 0000 0000
0000 0000 0000 0000 0000 0000 0000 0000
0000 0000 0000 0003 0000 0000 0000 200b
0000 0045 0000 100c 0000 0000 0000 0000
0000 0000 0000 0000 0000 0000 0000 0000
0000 0000 0000 0000 0000 0000 0000 0000
0000 0000 0000 0000 0000 0000 0000 0000
0000 0000 0000 0000 0000 0000 0000 0000
0000 0000 0000 0000 0000 0000 0000 0000
0000 0000 0000 0000 0000 0000 0000 0000
0000 0000 0000 0000 0000 0000 0000 0000
0000 0000 0000 0000 0000 0000 0000 0000
0000 0000 0000 0000 0000 0000 0000 0000
0000 0000 0000 0000 0000 0000 0000 0000
0000 0000 0000 0000 0000 0000 0000 0000
0000 0000 0000 0000 0000 0000 0000 0000
0000 0000 0000 0000 0000 0000 0000 0000
0000 0000 0000 0000 0000 0000 0000 0000
0000 0000 0000 0000 0000 0000 0000 0000
0000 0000 0000 0000 0000 0000 0000 0000
0000 0000 0000 0000 0000 0000 0000 0000
0000 0000 0000 0000 0000 0000 0000 0000
0000 0000 0000 0000 0000 0000 0000 0000
0000 0000 0000 0000 0000 0000 0000 0000
0000 0000 0000 0000 0000 0000 0000 0000
0000 0000 0000 0000 0000 0000 0000 0000
0000 0000 0000 0000 0000 0000 0000 0000
0000 0000 0000 0000 0000 0000 0000 0000
0000 0000 0000 0000 0000 0000 0000 0000
0000 0000 0000 0000 0000 0000 0000 0000
0000 0000 0000 0000 0000 0000 0000 0000
0000 0000 0000 0000 0000 0000 0000 0000
0000 0000 0000 0000 0000 0000 0000 0000
0000 0000 0000 0000 0000 0000 0000 0000
0000 0000 0000 0000 0000 0000 0000 0000
0000 0000 0000 0000 0000 0000 0000 0000
0000 0000 0000 0000 0000 0000 0000 0000
0000 0000 0000 0000 0000 0000 0000 0000
0000 0000 0000 0000 0000 0000 0000 0000
0000 0000 0000 0000 0000 0000 0000 0000
0000 0000 0000 0000 0000 0000 0000 0000
0000 0000 0000 0000 0000 0000 0000 0000
0000 0000 0000 0000 0000 0000 0000 0000
0000 0000 0000 0000 0000 0000 0000 0000
0000 0000 0000 0000 0000 0000 0000 0000
0000 0000 0000 0000 0000 0000 0000 0000
0000 0000 0000 0000 0000 0000 0000 0000
0000 0000 0000 0000 0000 0000 0000 0000
0000 0000 0000 0000 0000 0000 0000 0000
0000 0000 0000 0000 0000 0000 0000 0000
0000 0000 0000 0000 0000 0000 0000 0000
0000 0000 0000 0000 0000 0000 0000 0000
0000 0000 0000 0000 0000 0000 0000 0000
0000 0000 0000 0000 0000 0000 0000 0000
0000 0000 0000 0000 0000 0000 0000 0000
0000 0000 0000 0000 0000 0000 0000 0000
0000 0000 0000 0000 0000 0000 0000 0000
0000 0000 0000 0000 0000 0000 0000 0000
0000 0000 0000 0000 0000 0000 0000 0000
0000 0000 0000 0000 0000 0000 0000 0000
0000 0000 0000 0000 0000 0000 0000 0000
0000 0000 0000 0000 0000 0000 0000 0000
0000 0000 0000 0000 0000 0000 0000 0000
0000 0000 0000 0000 0000 0000 0000 0000
0000 0000 0000 0000 0000 0000 0000 0000
0000 0000 0000 0000 0000 0000 0000 0000
0000 0000 0000 0000 0000 0000 0000 0001
0444 5344 4200 0000 0100 0000 0000 0000
0000 0000 0000 0000 0000 0000 0000 0000
0200 0000 2000 0000 6000 0000 0000 0000
0100 0000 8000 0000 0100 0001 0000 0000
0100 0002 0000 0000 0100 0004 0000 0000
0200 0008 0000 0028 0000 0000 0100 0030
0000 0000 0000 0000 0100 0040 0000 0000
0100 0080 0000 0000 0100 0100 0000 0000
0100 0200 0000 0000 0100 0400 0000 0000
0100 0800 0000 0000 0100 1000 0000 0000
0100 2000 0000 0000 0100 4000 0000 0000
0100 8000 0000 0000 0101 0000 0000 0000
0102 0000 0000 0000 0104 0000 0000 0000
0108 0000 0000 0000 0110 0000 0000 0000
0120 0000 0000 0000 0140 0000 0000 0000
006c 6261 725b 5368 6f77 5461 6256 6965
775f 1014 436f 6e74 6169 6e65 7253 686f
7753 6964 6562 6172 5c57 696e 646f 7742
6f75 6e64 735b 5368 6f77 5061 7468 6261
7209 0909 0809 5f10 197b 7b31 3031 2c20
3135 327d 2c20 7b31 3636 382c 2036 3236
7d7d 0908 1725 313d 4960 6d79 7a7b 7c7d
7e9a 0000 0000 0000 0101 0000 0000 0000
000f 0000 0000 0000 0000 0000 0000 0000
009b 0000 0008 0065 006c 0065 006d 0065
006e 0074 0073 6c67 3153 636f 6d70 0000
0000 000d 041d 0000 0008 0065 006c 0065
006d 0065 006e 0074 0073 6d6f 4444 6475
7463 0000 d6d7 e938 0000 0000 0008 0065
006c 0065 006d 0065 006e 0074 0073 6d6f
6444 6475 7463 0000 d6d7 e938 0000 0000
0008 0065 006c 0065 006d 0065 006e 0074
0073 7068 3153 636f 6d70 0000 0000 000e
2000 0000 0008 0065 006c 0065 006d 0065
006e 0074 0073 7074 624c 7573 7472 0000
003c 0041 0070 0070 006c 0069 0063 0061
0074 0069 006f 006e 0073 002f 004d 0041
004d 0050 002f 0068 0074 0064 006f 0063
0073 002f 0031 002e 006d 006f 006e 0074
0068 0079 0020 0070 0072 006f 006a 0065
0063 0074 0073 002f 0037 0031 0020 0045
0064 0075 0063 0061 0074 0069 006f 006e
002f 0069 006d 0067 002f 0000 0008 0065
006c 0065 006d 0065 006e 0074 0073 7074
624e 7573 7472 0000 0008 0065 006c 0065
006d 0065 006e 0074 0073 0000 0008 0065
006c 0065 006d 0065 006e 0074 0073 7653
726e 6c6f 6e67 0000 0001 0000 0006 0068
006f 0074 0065 006c 0073 6277 7370 626c
6f62 0000 00ca 6270 6c69 7374 3030 d701
0203 0405 0607 0808 080b 080d 085d 5368
6f77 5374 6174 7573 4261 725b 5368 6f77
5369 6465 6261 725b 5368 6f77 546f 6f6c
6261 725b 5368 6f77 5461 6256 6965 775f
1014 436f 6e74 6169 6e65 7253 686f 7753
6964 6562 6172 5c57 696e 646f 7742 6f75
6e64 735b 5368 6f77 5061 7468 6261 7209
0909 0809 5f10 197b 7b31 3031 2c20 3135
327d 2c20 7b31 3636 382c 2036 3236 7d7d
0908 1725 313d 4960 6d79 7a7b 7c7d 7e9a
0000 0000 0000 0101 0000 0000 0000 000f
0000 0000 0000 0000 0000 0000 0000 009b
0000 0006 0068 006f 0074 0065 006c 0073
6c67 3153 
